202306010101
202306010102
202306010103
202306010104
202306010105
202306010106
202306010107
202306010108
202306010109
202306010110
202306010111
202306010112
202307010101
202307010102
202307010103
202307010104
202307010105
202307010106
202307010107
202307010108
202307010109
202307010110
202307010111
202307010112
202306010201
202306010202
202306010203
202306010204
202306010205
202306010206
202306010207
202306010208
202306010209
202306010210
202306010211
202306010212
202307010201
202307010202
202307010203
202307010204
202307010205
202307010206
202307010207
202307010208
202307010209
202307010210
202307010211
202307010212
202306010301
202306010302
202306010303
202306010304
202306010305
202306010306
202306010307
202306010308
202306010309
202306010310
202306010311
202306010312
202307010301
202307010302
202307010303
202307010304
202307010305
202307010306
202307010307
202307010308
202307010309
202307010310
202307010311
202307010312
202306010401
202306010402
202306010403
202306010404
202306010405
202306010406
202306010407
202306010408
202306010409
202306010410
202306010411
202306010412
202307010401
202307010402
202307010403
202307010404
202307010405
202307010406
202307010407
202307010408
202307010409
202307010410
202307010411
202307010412
202306010501
202306010502
202306010503
202306010504
202306010505
202306010506
202306010507
202306010508
202306010509
202306010510
202306010511
202306010512
202307010501
202307010502
202307010503
202307010504
202307010505
202307010506
202307010507
202307010508
202307010509
202307010510
202307010511
202307010512
202310010101
202310010102
202310010103
202310010104
202310010105
202310010106
202310010107
202310010108
202310010109
202310010110
202310010111
202310010112
202306010601
202306010602
202306010603
202306010604
202306010605
202306010606
202306010607
202306010608
202306010609
202306010610
202306010611
202306010612
202307010601
202307010602
202307010603
202307010604
202307010605
202307010606
202307010607
202307010608
202307010609
202307010610
202307010611
202307010612
202310010201
202310010202
202310010203
202310010204
202310010205
202310010206
202310010207
202310010208
202310010209
202310010210
202310010211
202310010212
202306010701
202306010702
202306010703
202306010704
202306010705
202306010706
202306010707
202306010708
202306010709
202306010710
202306010711
202306010712
202307010701
202307010702
202307010703
202307010704
202307010705
202307010706
202307010707
202307010708
202307010709
202307010710
202307010711
202307010712
202310010301
202310010302
202310010303
202310010304
202310010305
202310010306
202310010307
202310010308
202310010309
202310010310
202310010311
202310010312
202306010801
202306010802
202306010803
202306010804
202306010805
202306010806
202306010807
202306010808
202306010809
202306010810
202306010811
202306010812
202307010801
202307010802
202307010803
202307010804
202307010805
202307010806
202307010807
202307010808
202307010809
202307010810
202307010811
202307010812
202310010401
202310010402
202310010403
202310010404
202310010405
202310010406
202310010407
202310010408
202310010409
202310010410
202310010411
202310010412
202305010101
202305010102
202305010103
202305010104
202305010105
202305010106
202305010107
202305010108
202305010109
202305010110
202305010111
202305010112
202307010901
202307010902
202307010903
202307010904
202307010905
202307010906
202307010907
202307010908
202307010909
202307010910
202307010911
202307010912
202310010501
202310010502
202310010503
202310010504
202310010505
202310010506
202310010507
202310010508
202310010509
202310010510
202310010511
202310010512
202305010201
202305010202
202305010203
202305010204
202305010205
202305010206
202305010207
202305010208
202305010209
202305010210
202305010211
202305010212
202307011001
202307011002
202307011003
202307011004
202307011005
202307011006
202307011007
202307011008
202307011009
202307011010
202307011011
202307011012
202310010601
202310010602
202310010603
202310010604
202310010605
202310010606
202310010607
202310010608
202310010609
202310010610
202310010611
202310010612
202305010301
202305010302
202305010303
202305010304
202305010305
202305010306
202305010307
202305010308
202305010309
202305010310
202305010311
202305010312
202307011101
202307011102
202307011103
202307011104
202307011105
202307011106
202307011107
202307011108
202307011109
202307011110
202307011111
202307011112
202310010701
202310010702
202310010703
202310010704
202310010705
202310010706
202310010707
202310010708
202310010709
202310010710
202310010711
202310010712
202305010401
202305010402
202305010403
202305010404
202305010405
202305010406
202305010407
202305010408
202305010409
202305010410
202305010411
202305010412
202307011201
202307011202
202307011203
202307011204
202307011205
202307011206
202307011207
202307011208
202307011209
202307011210
202307011211
202307011212
202310010801
202310010802
202310010803
202310010804
202310010805
202310010806
202310010807
202310010808
202310010809
202310010810
202310010811
202310010812
202305010501
202305010502
202305010503
202305010504
202305010505
202305010506
202305010507
202305010508
202305010509
202305010510
202305010511
202305010512
202309010101
202309010102
202309010103
202309010104
202309010105
202309010106
202309010107
202309010108
202309010109
202309010110
202309010111
202309010112
202310020101
202310020102
202310020103
202310020104
202310020105
202310020106
202310020107
202310020108
202310020109
202310020110
202310020111
202310020112
202305010601
202305010602
202305010603
202305010604
202305010605
202305010606
202305010607
202305010608
202305010609
202305010610
202305010611
202305010612
202309010201
202309010202
202309010203
202309010204
202309010205
202309010206
202309010207
202309010208
202309010209
202309010210
202309010211
202309010212
202310020201
202310020202
202310020203
202310020204
202310020205
202310020206
202310020207
202310020208
202310020209
202310020210
202310020211
202310020212
202305010701
202305010702
202305010703
202305010704
202305010705
202305010706
202305010707
202305010708
202305010709
202305010710
202305010711
202305010712
202309010301
202309010302
202309010303
202309010304
202309010305
202309010306
202309010307
202309010308
202309010309
202309010310
202309010311
202309010312
202310020301
202310020302
202310020303
202310020304
202310020305
202310020306
202310020307
202310020308
202310020309
202310020310
202310020311
202310020312
202305010801
202305010802
202305010803
202305010804
202305010805
202305010806
202305010807
202305010808
202305010809
202305010810
202305010811
202305010812
202309010401
202309010402
202309010403
202309010404
202309010405
202309010406
202309010407
202309010408
202309010409
202309010410
202309010411
202309010412
202310020401
202310020402
202310020403
202310020404
202310020405
202310020406
202310020407
202310020408
202310020409
202310020410
202310020411
202310020412
202306020101
202306020102
202306020103
202306020104
202306020105
202306020106
202306020107
202306020108
202306020109
202306020110
202306020111
202306020112
202309010501
202309010502
202309010503
202309010504
202309010505
202309010506
202309010507
202309010508
202309010509
202309010510
202309010511
202309010512
202310020501
202310020502
202310020503
202310020504
202310020505
202310020506
202310020507
202310020508
202310020509
202310020510
202310020511
202310020512
202306020201
202306020202
202306020203
202306020204
202306020205
202306020206
202306020207
202306020208
202306020209
202306020210
202306020211
202306020212
202309010601
202309010602
202309010603
202309010604
202309010605
202309010606
202309010607
202309010608
202309010609
202309010610
202309010611
202309010612
202310020601
202310020602
202310020603
202310020604
202310020605
202310020606
202310020607
202310020608
202310020609
202310020610
202310020611
202310020612
202306020301
202306020302
202306020303
202306020304
202306020305
202306020306
202306020307
202306020308
202306020309
202306020310
202306020311
202306020312
202309010701
202309010702
202309010703
202309010704
202309010705
202309010706
202309010707
202309010708
202309010709
202309010710
202309010711
202309010712
202306020401
202306020402
202306020403
202306020404
202306020405
202306020406
202306020407
202306020408
202306020409
202306020410
202306020411
202306020412
202309010801
202309010802
202309010803
202309010804
202309010805
202309010806
202309010807
202309010808
202309010809
202309010810
202309010811
202309010812
202306020501
202306020502
202306020503
202306020504
202306020505
202306020506
202306020507
202306020508
202306020509
202306020510
202306020511
202306020512
202309010901
202309010902
202309010903
202309010904
202309010905
202309010906
202309010907
202309010908
202309010909
202309010910
202309010911
202309010912
202307020101
202307020102
202307020103
202307020104
202307020105
202307020106
202307020107
202307020108
202307020109
202307020110
202307020111
202307020112
202306020601
202306020602
202306020603
202306020604
202306020605
202306020606
202306020607
202306020608
202306020609
202306020610
202306020611
202306020612
202309011001
202309011002
202309011003
202309011004
202309011005
202309011006
202309011007
202309011008
202309011009
202309011010
202309011011
202309011012
202307020201
202307020202
202307020203
202307020204
202307020205
202307020206
202307020207
202307020208
202307020209
202307020210
202307020211
202307020212
202306020701
202306020702
202306020703
202306020704
202306020705
202306020706
202306020707
202306020708
202306020709
202306020710
202306020711
202306020712
202309011101
202309011102
202309011103
202309011104
202309011105
202309011106
202309011107
202309011108
202309011109
202309011110
202309011111
202309011112
202307020301
202307020302
202307020303
202307020304
202307020305
202307020306
202307020307
202307020308
202307020309
202307020310
202307020311
202307020312
202306020801
202306020802
202306020803
202306020804
202306020805
202306020806
202306020807
202306020808
202306020809
202306020810
202306020811
202306020812
202309011201
202309011202
202309011203
202309011204
202309011205
202309011206
202309011207
202309011208
202309011209
202309011210
202309011211
202309011212
202307020401
202307020402
202307020403
202307020404
202307020405
202307020406
202307020407
202307020408
202307020409
202307020410
202307020411
202307020412
202306030101
202306030102
202306030103
202306030104
202306030105
202306030106
202306030107
202306030108
202306030109
202306030110
202306030111
202306030112
202309020101
202309020102
202309020103
202309020104
202309020105
202309020106
202309020107
202309020108
202309020109
202309020110
202309020111
202309020112
202307020501
202307020502
202307020503
202307020504
202307020505
202307020506
202307020507
202307020508
202307020509
202307020510
202307020511
202307020512
202306030201
202306030202
202306030203
202306030204
202306030205
202306030206
202306030207
202306030208
202306030209
202306030210
202306030211
202306030212
202309020201
202309020202
202309020203
202309020204
202309020205
202309020206
202309020207
202309020208
202309020209
202309020210
202309020211
202309020212
202307020601
202307020602
202307020603
202307020604
202307020605
202307020606
202307020607
202307020608
202307020609
202307020610
202307020611
202307020612
202306030301
202306030302
202306030303
202306030304
202306030305
202306030306
202306030307
202306030308
202306030309
202306030310
202306030311
202306030312
202309020301
202309020302
202309020303
202309020304
202309020305
202309020306
202309020307
202309020308
202309020309
202309020310
202309020311
202309020312
202306030401
202306030402
202306030403
202306030404
202306030405
202306030406
202306030407
202306030408
202306030409
202306030410
202306030411
202306030412
202309020401
202309020402
202309020403
202309020404
202309020405
202309020406
202309020407
202309020408
202309020409
202309020410
202309020411
202309020412
202306030501
202306030502
202306030503
202306030504
202306030505
202306030506
202306030507
202306030508
202306030509
202306030510
202306030511
202306030512
202309020501
202309020502
202309020503
202309020504
202309020505
202309020506
202309020507
202309020508
202309020509
202309020510
202309020511
202309020512
202303010101
202303010102
202303010103
202303010104
202303010105
202303010106
202303010107
202303010108
202303010109
202303010110
202303010111
202303010112
202306030601
202306030602
202306030603
202306030604
202306030605
202306030606
202306030607
202306030608
202306030609
202306030610
202306030611
202306030612
202309020601
202309020602
202309020603
202309020604
202309020605
202309020606
202309020607
202309020608
202309020609
202309020610
202309020611
202309020612
202303010201
202303010202
202303010203
202303010204
202303010205
202303010206
202303010207
202303010208
202303010209
202303010210
202303010211
202303010212
202306030701
202306030702
202306030703
202306030704
202306030705
202306030706
202306030707
202306030708
202306030709
202306030710
202306030711
202306030712
202309020701
202309020702
202309020703
202309020704
202309020705
202309020706
202309020707
202309020708
202309020709
202309020710
202309020711
202309020712
202303010301
202303010302
202303010303
202303010304
202303010305
202303010306
202303010307
202303010308
202303010309
202303010310
202303010311
202303010312
202306030801
202306030802
202306030803
202306030804
202306030805
202306030806
202306030807
202306030808
202306030809
202306030810
202306030811
202306030812
202309020801
202309020802
202309020803
202309020804
202309020805
202309020806
202309020807
202309020808
202309020809
202309020810
202309020811
202309020812
202303010401
202303010402
202303010403
202303010404
202303010405
202303010406
202303010407
202303010408
202303010409
202303010410
202303010411
202303010412
202305020101
202305020102
202305020103
202305020104
202305020105
202305020106
202305020107
202305020108
202305020109
202305020110
202305020111
202305020112
202308010101
202308010102
202308010103
202308010104
202308010105
202308010106
202308010107
202308010108
202308010109
202308010110
202308010111
202308010112
202303010501
202303010502
202303010503
202303010504
202303010505
202303010506
202303010507
202303010508
202303010509
202303010510
202303010511
202303010512
202305020201
202305020202
202305020203
202305020204
202305020205
202305020206
202305020207
202305020208
202305020209
202305020210
202305020211
202305020212
202308010201
202308010202
202308010203
202308010204
202308010205
202308010206
202308010207
202308010208
202308010209
202308010210
202308010211
202308010212
202303010601
202303010602
202303010603
202303010604
202303010605
202303010606
202303010607
202303010608
202303010609
202303010610
202303010611
202303010612
202305020301
202305020302
202305020303
202305020304
202305020305
202305020306
202305020307
202305020308
202305020309
202305020310
202305020311
202305020312
202308010301
202308010302
202308010303
202308010304
202308010305
202308010306
202308010307
202308010308
202308010309
202308010310
202308010311
202308010312
202304010101
202304010102
202304010103
202304010104
202304010105
202304010106
202304010107
202304010108
202304010109
202304010110
202304010111
202304010112
202305020401
202305020402
202305020403
202305020404
202305020405
202305020406
202305020407
202305020408
202305020409
202305020410
202305020411
202305020412
202308010401
202308010402
202308010403
202308010404
202308010405
202308010406
202308010407
202308010408
202308010409
202308010410
202308010411
202308010412
202304010201
202304010202
202304010203
202304010204
202304010205
202304010206
202304010207
202304010208
202304010209
202304010210
202304010211
202304010212
202305020501
202305020502
202305020503
202305020504
202305020505
202305020506
202305020507
202305020508
202305020509
202305020510
202305020511
202305020512
202308010501
202308010502
202308010503
202308010504
202308010505
202308010506
202308010507
202308010508
202308010509
202308010510
202308010511
202308010512
202304010301
202304010302
202304010303
202304010304
202304010305
202304010306
202304010307
202304010308
202304010309
202304010310
202304010311
202304010312
202305020601
202305020602
202305020603
202305020604
202305020605
202305020606
202305020607
202305020608
202305020609
202305020610
202305020611
202305020612
202308010601
202308010602
202308010603
202308010604
202308010605
202308010606
202308010607
202308010608
202308010609
202308010610
202308010611
202308010612
202304010401
202304010402
202304010403
202304010404
202304010405
202304010406
202304010407
202304010408
202304010409
202304010410
202304010411
202304010412
202305020701
202305020702
202305020703
202305020704
202305020705
202305020706
202305020707
202305020708
202305020709
202305020710
202305020711
202305020712
202308010701
202308010702
202308010703
202308010704
202308010705
202308010706
202308010707
202308010708
202308010709
202308010710
202308010711
202308010712
202304010501
202304010502
202304010503
202304010504
202304010505
202304010506
202304010507
202304010508
202304010509
202304010510
202304010511
202304010512
202305020801
202305020802
202305020803
202305020804
202305020805
202305020806
202305020807
202305020808
202305020809
202305020810
202305020811
202305020812
202308010801
202308010802
202308010803
202308010804
202308010805
202308010806
202308010807
202308010808
202308010809
202308010810
202308010811
202308010812
202304010601
202304010602
202304010603
202304010604
202304010605
202304010606
202304010607
202304010608
202304010609
202304010610
202304010611
202304010612
202305020901
202305020902
202305020903
202305020904
202305020905
202305020906
202305020907
202305020908
202305020909
202305020910
202305020911
202305020912
202308010901
202308010902
202308010903
202308010904
202308010905
202308010906
202308010907
202308010908
202308010909
202308010910
202308010911
202308010912
202304010701
202304010702
202304010703
202304010704
202304010705
202304010706
202304010707
202304010708
202304010709
202304010710
202304010711
202304010712
202305021001
202305021002
202305021003
202305021004
202305021005
202305021006
202305021007
202305021008
202305021009
202305021010
202305021011
202305021012
202308011001
202308011002
202308011003
202308011004
202308011005
202308011006
202308011007
202308011008
202308011009
202308011010
202308011011
202308011012
202304010801
202304010802
202304010803
202304010804
202304010805
202304010806
202304010807
202304010808
202304010809
202304010810
202304010811
202304010812
202305021101
202305021102
202305021103
202305021104
202305021105
202305021106
202305021107
202305021108
202305021109
202305021110
202305021111
202305021112
202308011101
202308011102
202308011103
202308011104
202308011105
202308011106
202308011107
202308011108
202308011109
202308011110
202308011111
202308011112
202305021201
202305021202
202305021203
202305021204
202305021205
202305021206
202305021207
202305021208
202305021209
202305021210
202305021211
202305021212
202308011201
202308011202
202308011203
202308011204
202308011205
202308011206
202308011207
202308011208
202308011209
202308011210
202308011211
202308011212
202305030101
202305030102
202305030103
202305030104
202305030105
202305030106
202305030107
202305030108
202305030109
202305030110
202305030111
202305030112
202309030101
202309030102
202309030103
202309030104
202309030105
202309030106
202309030107
202309030108
202309030109
202309030110
202309030111
202309030112
202305030201
202305030202
202305030203
202305030204
202305030205
202305030206
202305030207
202305030208
202305030209
202305030210
202305030211
202305030212
202309030201
202309030202
202309030203
202309030204
202309030205
202309030206
202309030207
202309030208
202309030209
202309030210
202309030211
202309030212
202305030301
202305030302
202305030303
202305030304
202305030305
202305030306
202305030307
202305030308
202305030309
202305030310
202305030311
202305030312
202309030301
202309030302
202309030303
202309030304
202309030305
202309030306
202309030307
202309030308
202309030309
202309030310
202309030311
202309030312
202302010101
202302010102
202302010103
202302010104
202302010105
202302010106
202302010107
202302010108
202302010109
202302010110
202302010111
202302010112
202305030401
202305030402
202305030403
202305030404
202305030405
202305030406
202305030407
202305030408
202305030409
202305030410
202305030411
202305030412
202309030401
202309030402
202309030403
202309030404
202309030405
202309030406
202309030407
202309030408
202309030409
202309030410
202309030411
202309030412
202302010201
202302010202
202302010203
202302010204
202302010205
202302010206
202302010207
202302010208
202302010209
202302010210
202302010211
202302010212
202305030501
202305030502
202305030503
202305030504
202305030505
202305030506
202305030507
202305030508
202305030509
202305030510
202305030511
202305030512
202309030501
202309030502
202309030503
202309030504
202309030505
202309030506
202309030507
202309030508
202309030509
202309030510
202309030511
202309030512
202302010301
202302010302
202302010303
202302010304
202302010305
202302010306
202302010307
202302010308
202302010309
202302010310
202302010311
202302010312
202305030601
202305030602
202305030603
202305030604
202305030605
202305030606
202305030607
202305030608
202305030609
202305030610
202305030611
202305030612
202309030601
202309030602
202309030603
202309030604
202309030605
202309030606
202309030607
202309030608
202309030609
202309030610
202309030611
202309030612
202302010401
202302010402
202302010403
202302010404
202302010405
202302010406
202302010407
202302010408
202302010409
202302010410
202302010411
202302010412
202305030701
202305030702
202305030703
202305030704
202305030705
202305030706
202305030707
202305030708
202305030709
202305030710
202305030711
202305030712
202309030701
202309030702
202309030703
202309030704
202309030705
202309030706
202309030707
202309030708
202309030709
202309030710
202309030711
202309030712
202302010501
202302010502
202302010503
202302010504
202302010505
202302010506
202302010507
202302010508
202302010509
202302010510
202302010511
202302010512
202305030801
202305030802
202305030803
202305030804
202305030805
202305030806
202305030807
202305030808
202305030809
202305030810
202305030811
202305030812
202309030801
202309030802
202309030803
202309030804
202309030805
202309030806
202309030807
202309030808
202309030809
202309030810
202309030811
202309030812
202302010601
202302010602
202302010603
202302010604
202302010605
202302010606
202302010607
202302010608
202302010609
202302010610
202302010611
202302010612
202303020101
202303020102
202303020103
202303020104
202303020105
202303020106
202303020107
202303020108
202303020109
202303020110
202303020111
202303020112
202307030101
202307030102
202307030103
202307030104
202307030105
202307030106
202307030107
202307030108
202307030109
202307030110
202307030111
202307030112
202302020101
202302020102
202302020103
202302020104
202302020105
202302020106
202302020107
202302020108
202302020109
202302020110
202302020111
202302020112
202303020201
202303020202
202303020203
202303020204
202303020205
202303020206
202303020207
202303020208
202303020209
202303020210
202303020211
202303020212
202307030201
202307030202
202307030203
202307030204
202307030205
202307030206
202307030207
202307030208
202307030209
202307030210
202307030211
202307030212
202302020201
202302020202
202302020203
202302020204
202302020205
202302020206
202302020207
202302020208
202302020209
202302020210
202302020211
202302020212
202303020301
202303020302
202303020303
202303020304
202303020305
202303020306
202303020307
202303020308
202303020309
202303020310
202303020311
202303020312
202307030301
202307030302
202307030303
202307030304
202307030305
202307030306
202307030307
202307030308
202307030309
202307030310
202307030311
202307030312
202302020301
202302020302
202302020303
202302020304
202302020305
202302020306
202302020307
202302020308
202302020309
202302020310
202302020311
202302020312
202303020401
202303020402
202303020403
202303020404
202303020405
202303020406
202303020407
202303020408
202303020409
202303020410
202303020411
202303020412
202307030401
202307030402
202307030403
202307030404
202307030405
202307030406
202307030407
202307030408
202307030409
202307030410
202307030411
202307030412
202302020401
202302020402
202302020403
202302020404
202302020405
202302020406
202302020407
202302020408
202302020409
202302020410
202302020411
202302020412
202303020501
202303020502
202303020503
202303020504
202303020505
202303020506
202303020507
202303020508
202303020509
202303020510
202303020511
202303020512
202307030501
202307030502
202307030503
202307030504
202307030505
202307030506
202307030507
202307030508
202307030509
202307030510
202307030511
202307030512
202302020501
202302020502
202302020503
202302020504
202302020505
202302020506
202302020507
202302020508
202302020509
202302020510
202302020511
202302020512
202303020601
202303020602
202303020603
202303020604
202303020605
202303020606
202303020607
202303020608
202303020609
202303020610
202303020611
202303020612
202307030601
202307030602
202307030603
202307030604
202307030605
202307030606
202307030607
202307030608
202307030609
202307030610
202307030611
202307030612
202302020601
202302020602
202302020603
202302020604
202302020605
202302020606
202302020607
202302020608
202302020609
202302020610
202302020611
202302020612
202303020701
202303020702
202303020703
202303020704
202303020705
202303020706
202303020707
202303020708
202303020709
202303020710
202303020711
202303020712
202307030701
202307030702
202307030703
202307030704
202307030705
202307030706
202307030707
202307030708
202307030709
202307030710
202307030711
202307030712
202301010101
202301010102
202301010103
202301010104
202301010105
202301010106
202301010107
202301010108
202301010109
202301010110
202301010111
202301010112
202303020801
202303020802
202303020803
202303020804
202303020805
202303020806
202303020807
202303020808
202303020809
202303020810
202303020811
202303020812
202307030801
202307030802
202307030803
202307030804
202307030805
202307030806
202307030807
202307030808
202307030809
202307030810
202307030811
202307030812
202301010201
202301010202
202301010203
202301010204
202301010205
202301010206
202301010207
202301010208
202301010209
202301010210
202301010211
202301010212
202304020101
202304020102
202304020103
202304020104
202304020105
202304020106
202304020107
202304020108
202304020109
202304020110
202304020111
202304020112
202301010301
202301010302
202301010303
202301010304
202301010305
202301010306
202301010307
202301010308
202301010309
202301010310
202301010311
202301010312
202304020201
202304020202
202304020203
202304020204
202304020205
202304020206
202304020207
202304020208
202304020209
202304020210
202304020211
202304020212
202301010401
202301010402
202301010403
202301010404
202301010405
202301010406
202301010407
202301010408
202301010409
202301010410
202301010411
202301010412
202304020301
202304020302
202304020303
202304020304
202304020305
202304020306
202304020307
202304020308
202304020309
202304020310
202304020311
202304020312
202301010501
202301010502
202301010503
202301010504
202301010505
202301010506
202301010507
202301010508
202301010509
202301010510
202301010511
202301010512
202304020401
202304020402
202304020403
202304020404
202304020405
202304020406
202304020407
202304020408
202304020409
202304020410
202304020411
202304020412
202301010601
202301010602
202301010603
202301010604
202301010605
202301010606
202301010607
202301010608
202301010609
202301010610
202301010611
202301010612
202304030101
202304030102
202304030103
202304030104
202304030105
202304030106
202304030107
202304030108
202304030109
202304030110
202304030111
202304030112
202310030101
202310030102
202310030103
202310030104
202310030105
202310030106
202310030107
202310030108
202310030109
202310030110
202310030111
202310030112
202301020101
202301020102
202301020103
202301020104
202301020105
202301020106
202301020107
202301020108
202301020109
202301020110
202301020111
202301020112
202304030201
202304030202
202304030203
202304030204
202304030205
202304030206
202304030207
202304030208
202304030209
202304030210
202304030211
202304030212
202310030201
202310030202
202310030203
202310030204
202310030205
202310030206
202310030207
202310030208
202310030209
202310030210
202310030211
202310030212
202301020201
202301020202
202301020203
202301020204
202301020205
202301020206
202301020207
202301020208
202301020209
202301020210
202301020211
202301020212
202304030301
202304030302
202304030303
202304030304
202304030305
202304030306
202304030307
202304030308
202304030309
202304030310
202304030311
202304030312
202310030301
202310030302
202310030303
202310030304
202310030305
202310030306
202310030307
202310030308
202310030309
202310030310
202310030311
202310030312
202301020301
202301020302
202301020303
202301020304
202301020305
202301020306
202301020307
202301020308
202301020309
202301020310
202301020311
202301020312
202304030401
202304030402
202304030403
202304030404
202304030405
202304030406
202304030407
202304030408
202304030409
202304030410
202304030411
202304030412
202310030401
202310030402
202310030403
202310030404
202310030405
202310030406
202310030407
202310030408
202310030409
202310030410
202310030411
202310030412
202301020401
202301020402
202301020403
202301020404
202301020405
202301020406
202301020407
202301020408
202301020409
202301020410
202301020411
202301020412
202304030501
202304030502
202304030503
202304030504
202304030505
202304030506
202304030507
202304030508
202304030509
202304030510
202304030511
202304030512
202310030501
202310030502
202310030503
202310030504
202310030505
202310030506
202310030507
202310030508
202310030509
202310030510
202310030511
202310030512
202301020501
202301020502
202301020503
202301020504
202301020505
202301020506
202301020507
202301020508
202301020509
202301020510
202301020511
202301020512
202304030601
202304030602
202304030603
202304030604
202304030605
202304030606
202304030607
202304030608
202304030609
202304030610
202304030611
202304030612
202310030601
202310030602
202310030603
202310030604
202310030605
202310030606
202310030607
202310030608
202310030609
202310030610
202310030611
202310030612
202301020601
202301020602
202301020603
202301020604
202301020605
202301020606
202301020607
202301020608
202301020609
202301020610
202301020611
202301020612
202304030701
202304030702
202304030703
202304030704
202304030705
202304030706
202304030707
202304030708
202304030709
202304030710
202304030711
202304030712
202310030701
202310030702
202310030703
202310030704
202310030705
202310030706
202310030707
202310030708
202310030709
202310030710
202310030711
202310030712
202301020701
202301020702
202301020703
202301020704
202301020705
202301020706
202301020707
202301020708
202301020709
202301020710
202301020711
202301020712
202304030801
202304030802
202304030803
202304030804
202304030805
202304030806
202304030807
202304030808
202304030809
202304030810
202304030811
202304030812
202310030801
202310030802
202310030803
202310030804
202310030805
202310030806
202310030807
202310030808
202310030809
202310030810
202310030811
202310030812
202301020801
202301020802
202301020803
202301020804
202301020805
202301020806
202301020807
202301020808
202301020809
202301020810
202301020811
202301020812
202306040101
202306040102
202306040103
202306040104
202306040105
202306040106
202306040107
202306040108
202306040109
202306040110
202306040111
202306040112
202309040101
202309040102
202309040103
202309040104
202309040105
202309040106
202309040107
202309040108
202309040109
202309040110
202309040111
202309040112
202306040201
202306040202
202306040203
202306040204
202306040205
202306040206
202306040207
202306040208
202306040209
202306040210
202306040211
202306040212
202309040201
202309040202
202309040203
202309040204
202309040205
202309040206
202309040207
202309040208
202309040209
202309040210
202309040211
202309040212
202306040301
202306040302
202306040303
202306040304
202306040305
202306040306
202306040307
202306040308
202306040309
202306040310
202306040311
202306040312
202309040301
202309040302
202309040303
202309040304
202309040305
202309040306
202309040307
202309040308
202309040309
202309040310
202309040311
202309040312
202306040401
202306040402
202306040403
202306040404
202306040405
202306040406
202306040407
202306040408
202306040409
202306040410
202306040411
202306040412
202309040401
202309040402
202309040403
202309040404
202309040405
202309040406
202309040407
202309040408
202309040409
202309040410
202309040411
202309040412
202306040501
202306040502
202306040503
202306040504
202306040505
202306040506
202306040507
202306040508
202306040509
202306040510
202306040511
202306040512
202309040501
202309040502
202309040503
202309040504
202309040505
202309040506
202309040507
202309040508
202309040509
202309040510
202309040511
202309040512
202306040601
202306040602
202306040603
202306040604
202306040605
202306040606
202306040607
202306040608
202306040609
202306040610
202306040611
202306040612
202309040601
202309040602
202309040603
202309040604
202309040605
202309040606
202309040607
202309040608
202309040609
202309040610
202309040611
202309040612
202306040701
202306040702
202306040703
202306040704
202306040705
202306040706
202306040707
202306040708
202306040709
202306040710
202306040711
202306040712
202309040701
202309040702
202309040703
202309040704
202309040705
202309040706
202309040707
202309040708
202309040709
202309040710
202309040711
202309040712
202306040801
202306040802
202306040803
202306040804
202306040805
202306040806
202306040807
202306040808
202306040809
202306040810
202306040811
202306040812
202309040801
202309040802
202309040803
202309040804
202309040805
202309040806
202309040807
202309040808
202309040809
202309040810
202309040811
202309040812
202306040901
202306040902
202306040903
202306040904
202306040905
202306040906
202306040907
202306040908
202306040909
202306040910
202306040911
202306040912
202309040901
202309040902
202309040903
202309040904
202309040905
202309040906
202309040907
202309040908
202309040909
202309040910
202309040911
202309040912
202305040101
202305040102
202305040103
202305040104
202305040105
202305040106
202305040107
202305040108
202305040109
202305040110
202305040111
202305040112
202308020101
202308020102
202308020103
202308020104
202308020105
202308020106
202308020107
202308020108
202308020109
202308020110
202308020111
202308020112
202305040201
202305040202
202305040203
202305040204
202305040205
202305040206
202305040207
202305040208
202305040209
202305040210
202305040211
202305040212
202308020201
202308020202
202308020203
202308020204
202308020205
202308020206
202308020207
202308020208
202308020209
202308020210
202308020211
202308020212
202305040301
202305040302
202305040303
202305040304
202305040305
202305040306
202305040307
202305040308
202305040309
202305040310
202305040311
202305040312
202308020301
202308020302
202308020303
202308020304
202308020305
202308020306
202308020307
202308020308
202308020309
202308020310
202308020311
202308020312
202305040401
202305040402
202305040403
202305040404
202305040405
202305040406
202305040407
202305040408
202305040409
202305040410
202305040411
202305040412
202308020401
202308020402
202308020403
202308020404
202308020405
202308020406
202308020407
202308020408
202308020409
202308020410
202308020411
202308020412
202304040101
202304040102
202304040103
202304040104
202304040105
202304040106
202304040107
202304040108
202304040109
202304040110
202304040111
202304040112
202305040501
202305040502
202305040503
202305040504
202305040505
202305040506
202305040507
202305040508
202305040509
202305040510
202305040511
202305040512
202308020501
202308020502
202308020503
202308020504
202308020505
202308020506
202308020507
202308020508
202308020509
202308020510
202308020511
202308020512
202304040201
202304040202
202304040203
202304040204
202304040205
202304040206
202304040207
202304040208
202304040209
202304040210
202304040211
202304040212
202305040601
202305040602
202305040603
202305040604
202305040605
202305040606
202305040607
202305040608
202305040609
202305040610
202305040611
202305040612
202308020601
202308020602
202308020603
202308020604
202308020605
202308020606
202308020607
202308020608
202308020609
202308020610
202308020611
202308020612
202304040301
202304040302
202304040303
202304040304
202304040305
202304040306
202304040307
202304040308
202304040309
202304040310
202304040311
202304040312
202305040701
202305040702
202305040703
202305040704
202305040705
202305040706
202305040707
202305040708
202305040709
202305040710
202305040711
202305040712
202308020701
202308020702
202308020703
202308020704
202308020705
202308020706
202308020707
202308020708
202308020709
202308020710
202308020711
202308020712
202304040401
202304040402
202304040403
202304040404
202304040405
202304040406
202304040407
202304040408
202304040409
202304040410
202304040411
202304040412
202305040801
202305040802
202305040803
202305040804
202305040805
202305040806
202305040807
202305040808
202305040809
202305040810
202305040811
202305040812
202308020801
202308020802
202308020803
202308020804
202308020805
202308020806
202308020807
202308020808
202308020809
202308020810
202308020811
202308020812
202304040501
202304040502
202304040503
202304040504
202304040505
202304040506
202304040507
202304040508
202304040509
202304040510
202304040511
202304040512
202305040901
202305040902
202305040903
202305040904
202305040905
202305040906
202305040907
202305040908
202305040909
202305040910
202305040911
202305040912
202308020901
202308020902
202308020903
202308020904
202308020905
202308020906
202308020907
202308020908
202308020909
202308020910
202308020911
202308020912
202304040601
202304040602
202304040603
202304040604
202304040605
202304040606
202304040607
202304040608
202304040609
202304040610
202304040611
202304040612
202305050101
202305050102
202305050103
202305050104
202305050105
202305050106
202305050107
202305050108
202305050109
202305050110
202305050111
202305050112
202308030101
202308030102
202308030103
202308030104
202308030105
202308030106
202308030107
202308030108
202308030109
202308030110
202308030111
202308030112
202303030101
202303030102
202303030103
202303030104
202303030105
202303030106
202303030107
202303030108
202303030109
202303030110
202303030111
202303030112
202305050201
202305050202
202305050203
202305050204
202305050205
202305050206
202305050207
202305050208
202305050209
202305050210
202305050211
202305050212
202308030201
202308030202
202308030203
202308030204
202308030205
202308030206
202308030207
202308030208
202308030209
202308030210
202308030211
202308030212
202303030201
202303030202
202303030203
202303030204
202303030205
202303030206
202303030207
202303030208
202303030209
202303030210
202303030211
202303030212
202305050301
202305050302
202305050303
202305050304
202305050305
202305050306
202305050307
202305050308
202305050309
202305050310
202305050311
202305050312
202308030301
202308030302
202308030303
202308030304
202308030305
202308030306
202308030307
202308030308
202308030309
202308030310
202308030311
202308030312
202303030301
202303030302
202303030303
202303030304
202303030305
202303030306
202303030307
202303030308
202303030309
202303030310
202303030311
202303030312
202305050401
202305050402
202305050403
202305050404
202305050405
202305050406
202305050407
202305050408
202305050409
202305050410
202305050411
202305050412
202308030401
202308030402
202308030403
202308030404
202308030405
202308030406
202308030407
202308030408
202308030409
202308030410
202308030411
202308030412
202303030401
202303030402
202303030403
202303030404
202303030405
202303030406
202303030407
202303030408
202303030409
202303030410
202303030411
202303030412
202305050501
202305050502
202305050503
202305050504
202305050505
202305050506
202305050507
202305050508
202305050509
202305050510
202305050511
202305050512
202308030501
202308030502
202308030503
202308030504
202308030505
202308030506
202308030507
202308030508
202308030509
202308030510
202308030511
202308030512
202303030501
202303030502
202303030503
202303030504
202303030505
202303030506
202303030507
202303030508
202303030509
202303030510
202303030511
202303030512
202305050601
202305050602
202305050603
202305050604
202305050605
202305050606
202305050607
202305050608
202305050609
202305050610
202305050611
202305050612
202308030601
202308030602
202308030603
202308030604
202308030605
202308030606
202308030607
202308030608
202308030609
202308030610
202308030611
202308030612
202303030601
202303030602
202303030603
202303030604
202303030605
202303030606
202303030607
202303030608
202303030609
202303030610
202303030611
202303030612
202305050701
202305050702
202305050703
202305050704
202305050705
202305050706
202305050707
202305050708
202305050709
202305050710
202305050711
202305050712
202308030701
202308030702
202308030703
202308030704
202308030705
202308030706
202308030707
202308030708
202308030709
202308030710
202308030711
202308030712
202305050801
202305050802
202305050803
202305050804
202305050805
202305050806
202305050807
202305050808
202305050809
202305050810
202305050811
202305050812
202308030801
202308030802
202308030803
202308030804
202308030805
202308030806
202308030807
202308030808
202308030809
202308030810
202308030811
202308030812
202306050101
202306050102
202306050103
202306050104
202306050105
202306050106
202306050107
202306050108
202306050109
202306050110
202306050111
202306050112
202309050101
202309050102
202309050103
202309050104
202309050105
202309050106
202309050107
202309050108
202309050109
202309050110
202309050111
202309050112
202307040101
202307040102
202307040103
202307040104
202307040105
202307040106
202307040107
202307040108
202307040109
202307040110
202307040111
202307040112
202306050201
202306050202
202306050203
202306050204
202306050205
202306050206
202306050207
202306050208
202306050209
202306050210
202306050211
202306050212
202309050201
202309050202
202309050203
202309050204
202309050205
202309050206
202309050207
202309050208
202309050209
202309050210
202309050211
202309050212
202307040201
202307040202
202307040203
202307040204
202307040205
202307040206
202307040207
202307040208
202307040209
202307040210
202307040211
202307040212
202306050301
202306050302
202306050303
202306050304
202306050305
202306050306
202306050307
202306050308
202306050309
202306050310
202306050311
202306050312
202309050301
202309050302
202309050303
202309050304
202309050305
202309050306
202309050307
202309050308
202309050309
202309050310
202309050311
202309050312
202307040301
202307040302
202307040303
202307040304
202307040305
202307040306
202307040307
202307040308
202307040309
202307040310
202307040311
202307040312
202306050401
202306050402
202306050403
202306050404
202306050405
202306050406
202306050407
202306050408
202306050409
202306050410
202306050411
202306050412
202309050401
202309050402
202309050403
202309050404
202309050405
202309050406
202309050407
202309050408
202309050409
202309050410
202309050411
202309050412
202307040401
202307040402
202307040403
202307040404
202307040405
202307040406
202307040407
202307040408
202307040409
202307040410
202307040411
202307040412
202306050501
202306050502
202306050503
202306050504
202306050505
202306050506
202306050507
202306050508
202306050509
202306050510
202306050511
202306050512
202309050501
202309050502
202309050503
202309050504
202309050505
202309050506
202309050507
202309050508
202309050509
202309050510
202309050511
202309050512
202307040501
202307040502
202307040503
202307040504
202307040505
202307040506
202307040507
202307040508
202307040509
202307040510
202307040511
202307040512
202306050601
202306050602
202306050603
202306050604
202306050605
202306050606
202306050607
202306050608
202306050609
202306050610
202306050611
202306050612
202309050601
202309050602
202309050603
202309050604
202309050605
202309050606
202309050607
202309050608
202309050609
202309050610
202309050611
202309050612
202307040601
202307040602
202307040603
202307040604
202307040605
202307040606
202307040607
202307040608
202307040609
202307040610
202307040611
202307040612
202306050701
202306050702
202306050703
202306050704
202306050705
202306050706
202306050707
202306050708
202306050709
202306050710
202306050711
202306050712
202309050701
202309050702
202309050703
202309050704
202309050705
202309050706
202309050707
202309050708
202309050709
202309050710
202309050711
202309050712
202306050801
202306050802
202306050803
202306050804
202306050805
202306050806
202306050807
202306050808
202306050809
202306050810
202306050811
202306050812
202309050801
202309050802
202309050803
202309050804
202309050805
202309050806
202309050807
202309050808
202309050809
202309050810
202309050811
202309050812
202306050901
202306050902
202306050903
202306050904
202306050905
202306050906
202306050907
202306050908
202306050909
202306050910
202306050911
202306050912
202309050901
202309050902
202309050903
202309050904
202309050905
202309050906
202309050907
202309050908
202309050909
202309050910
202309050911
202309050912
202406010101
202406010102
202406010103
202406010104
202406010105
202406010106
202406010107
202406010108
202406010109
202406010110
202406010111
202406010112
202408010101
202408010102
202408010103
202408010104
202408010105
202408010106
202408010107
202408010108
202408010109
202408010110
202408010111
202408010112
202406010201
202406010202
202406010203
202406010204
202406010205
202406010206
202406010207
202406010208
202406010209
202406010210
202406010211
202406010212
202408010201
202408010202
202408010203
202408010204
202408010205
202408010206
202408010207
202408010208
202408010209
202408010210
202408010211
202408010212
202406010301
202406010302
202406010303
202406010304
202406010305
202406010306
202406010307
202406010308
202406010309
202406010310
202406010311
202406010312
202408010301
202408010302
202408010303
202408010304
202408010305
202408010306
202408010307
202408010308
202408010309
202408010310
202408010311
202408010312
202406010401
202406010402
202406010403
202406010404
202406010405
202406010406
202406010407
202406010408
202406010409
202406010410
202406010411
202406010412
202408010401
202408010402
202408010403
202408010404
202408010405
202408010406
202408010407
202408010408
202408010409
202408010410
202408010411
202408010412
202410010101
202410010102
202410010103
202410010104
202410010105
202410010106
202410010107
202410010108
202410010109
202410010110
202410010111
202410010112
202406010501
202406010502
202406010503
202406010504
202406010505
202406010506
202406010507
202406010508
202406010509
202406010510
202406010511
202406010512
202408010501
202408010502
202408010503
202408010504
202408010505
202408010506
202408010507
202408010508
202408010509
202408010510
202408010511
202408010512
202410010201
202410010202
202410010203
202410010204
202410010205
202410010206
202410010207
202410010208
202410010209
202410010210
202410010211
202410010212
202406010601
202406010602
202406010603
202406010604
202406010605
202406010606
202406010607
202406010608
202406010609
202406010610
202406010611
202406010612
202408010601
202408010602
202408010603
202408010604
202408010605
202408010606
202408010607
202408010608
202408010609
202408010610
202408010611
202408010612
202410010301
202410010302
202410010303
202410010304
202410010305
202410010306
202410010307
202410010308
202410010309
202410010310
202410010311
202410010312
202406010701
202406010702
202406010703
202406010704
202406010705
202406010706
202406010707
202406010708
202406010709
202406010710
202406010711
202406010712
202408010701
202408010702
202408010703
202408010704
202408010705
202408010706
202408010707
202408010708
202408010709
202408010710
202408010711
202408010712
202410010401
202410010402
202410010403
202410010404
202410010405
202410010406
202410010407
202410010408
202410010409
202410010410
202410010411
202410010412
202405010101
202405010102
202405010103
202405010104
202405010105
202405010106
202405010107
202405010108
202405010109
202405010110
202405010111
202405010112
202408020101
202408020102
202408020103
202408020104
202408020105
202408020106
202408020107
202408020108
202408020109
202408020110
202408020111
202408020112
202410010501
202410010502
202410010503
202410010504
202410010505
202410010506
202410010507
202410010508
202410010509
202410010510
202410010511
202410010512
202405010201
202405010202
202405010203
202405010204
202405010205
202405010206
202405010207
202405010208
202405010209
202405010210
202405010211
202405010212
202408020201
202408020202
202408020203
202408020204
202408020205
202408020206
202408020207
202408020208
202408020209
202408020210
202408020211
202408020212
202410010601
202410010602
202410010603
202410010604
202410010605
202410010606
202410010607
202410010608
202410010609
202410010610
202410010611
202410010612
202405010301
202405010302
202405010303
202405010304
202405010305
202405010306
202405010307
202405010308
202405010309
202405010310
202405010311
202405010312
202408020301
202408020302
202408020303
202408020304
202408020305
202408020306
202408020307
202408020308
202408020309
202408020310
202408020311
202408020312
202410010701
202410010702
202410010703
202410010704
202410010705
202410010706
202410010707
202410010708
202410010709
202410010710
202410010711
202410010712
202405010401
202405010402
202405010403
202405010404
202405010405
202405010406
202405010407
202405010408
202405010409
202405010410
202405010411
202405010412
202408020401
202408020402
202408020403
202408020404
202408020405
202408020406
202408020407
202408020408
202408020409
202408020410
202408020411
202408020412
202410010801
202410010802
202410010803
202410010804
202410010805
202410010806
202410010807
202410010808
202410010809
202410010810
202410010811
202410010812
202405010501
202405010502
202405010503
202405010504
202405010505
202405010506
202405010507
202405010508
202405010509
202405010510
202405010511
202405010512
202408020501
202408020502
202408020503
202408020504
202408020505
202408020506
202408020507
202408020508
202408020509
202408020510
202408020511
202408020512
202410020101
202410020102
202410020103
202410020104
202410020105
202410020106
202410020107
202410020108
202410020109
202410020110
202410020111
202410020112
202405010601
202405010602
202405010603
202405010604
202405010605
202405010606
202405010607
202405010608
202405010609
202405010610
202405010611
202405010612
202408020601
202408020602
202408020603
202408020604
202408020605
202408020606
202408020607
202408020608
202408020609
202408020610
202408020611
202408020612
202410020201
202410020202
202410020203
202410020204
202410020205
202410020206
202410020207
202410020208
202410020209
202410020210
202410020211
202410020212
202405010701
202405010702
202405010703
202405010704
202405010705
202405010706
202405010707
202405010708
202405010709
202405010710
202405010711
202405010712
202408020701
202408020702
202408020703
202408020704
202408020705
202408020706
202408020707
202408020708
202408020709
202408020710
202408020711
202408020712
202410020301
202410020302
202410020303
202410020304
202410020305
202410020306
202410020307
202410020308
202410020309
202410020310
202410020311
202410020312
202405010801
202405010802
202405010803
202405010804
202405010805
202405010806
202405010807
202405010808
202405010809
202405010810
202405010811
202405010812
202408020801
202408020802
202408020803
202408020804
202408020805
202408020806
202408020807
202408020808
202408020809
202408020810
202408020811
202408020812
202410020401
202410020402
202410020403
202410020404
202410020405
202410020406
202410020407
202410020408
202410020409
202410020410
202410020411
202410020412
202406020101
202406020102
202406020103
202406020104
202406020105
202406020106
202406020107
202406020108
202406020109
202406020110
202406020111
202406020112
202409010101
202409010102
202409010103
202409010104
202409010105
202409010106
202409010107
202409010108
202409010109
202409010110
202409010111
202409010112
202410020501
202410020502
202410020503
202410020504
202410020505
202410020506
202410020507
202410020508
202410020509
202410020510
202410020511
202410020512
202406020201
202406020202
202406020203
202406020204
202406020205
202406020206
202406020207
202406020208
202406020209
202406020210
202406020211
202406020212
202409010201
202409010202
202409010203
202409010204
202409010205
202409010206
202409010207
202409010208
202409010209
202409010210
202409010211
202409010212
202410020601
202410020602
202410020603
202410020604
202410020605
202410020606
202410020607
202410020608
202410020609
202410020610
202410020611
202410020612
202406020301
202406020302
202406020303
202406020304
202406020305
202406020306
202406020307
202406020308
202406020309
202406020310
202406020311
202406020312
202409010301
202409010302
202409010303
202409010304
202409010305
202409010306
202409010307
202409010308
202409010309
202409010310
202409010311
202409010312
202410020701
202410020702
202410020703
202410020704
202410020705
202410020706
202410020707
202410020708
202410020709
202410020710
202410020711
202410020712
202406020401
202406020402
202406020403
202406020404
202406020405
202406020406
202406020407
202406020408
202406020409
202406020410
202406020411
202406020412
202409010401
202409010402
202409010403
202409010404
202409010405
202409010406
202409010407
202409010408
202409010409
202409010410
202409010411
202409010412
202410020801
202410020802
202410020803
202410020804
202410020805
202410020806
202410020807
202410020808
202410020809
202410020810
202410020811
202410020812
202406020501
202406020502
202406020503
202406020504
202406020505
202406020506
202406020507
202406020508
202406020509
202406020510
202406020511
202406020512
202409010501
202409010502
202409010503
202409010504
202409010505
202409010506
202409010507
202409010508
202409010509
202409010510
202409010511
202409010512
202407010101
202407010102
202407010103
202407010104
202407010105
202407010106
202407010107
202407010108
202407010109
202407010110
202407010111
202407010112
202406020601
202406020602
202406020603
202406020604
202406020605
202406020606
202406020607
202406020608
202406020609
202406020610
202406020611
202406020612
202409010601
202409010602
202409010603
202409010604
202409010605
202409010606
202409010607
202409010608
202409010609
202409010610
202409010611
202409010612
202407010201
202407010202
202407010203
202407010204
202407010205
202407010206
202407010207
202407010208
202407010209
202407010210
202407010211
202407010212
202406020701
202406020702
202406020703
202406020704
202406020705
202406020706
202406020707
202406020708
202406020709
202406020710
202406020711
202406020712
202409010701
202409010702
202409010703
202409010704
202409010705
202409010706
202409010707
202409010708
202409010709
202409010710
202409010711
202409010712
202407010301
202407010302
202407010303
202407010304
202407010305
202407010306
202407010307
202407010308
202407010309
202407010310
202407010311
202407010312
202406020801
202406020802
202406020803
202406020804
202406020805
202406020806
202406020807
202406020808
202406020809
202406020810
202406020811
202406020812
202409010801
202409010802
202409010803
202409010804
202409010805
202409010806
202409010807
202409010808
202409010809
202409010810
202409010811
202409010812
202407010401
202407010402
202407010403
202407010404
202407010405
202407010406
202407010407
202407010408
202407010409
202407010410
202407010411
202407010412
202406030101
202406030102
202406030103
202406030104
202406030105
202406030106
202406030107
202406030108
202406030109
202406030110
202406030111
202406030112
202409020101
202409020102
202409020103
202409020104
202409020105
202409020106
202409020107
202409020108
202409020109
202409020110
202409020111
202409020112
202407010501
202407010502
202407010503
202407010504
202407010505
202407010506
202407010507
202407010508
202407010509
202407010510
202407010511
202407010512
202406030201
202406030202
202406030203
202406030204
202406030205
202406030206
202406030207
202406030208
202406030209
202406030210
202406030211
202406030212
202409020201
202409020202
202409020203
202409020204
202409020205
202409020206
202409020207
202409020208
202409020209
202409020210
202409020211
202409020212
202407010601
202407010602
202407010603
202407010604
202407010605
202407010606
202407010607
202407010608
202407010609
202407010610
202407010611
202407010612
202406030301
202406030302
202406030303
202406030304
202406030305
202406030306
202406030307
202406030308
202406030309
202406030310
202406030311
202406030312
202409020301
202409020302
202409020303
202409020304
202409020305
202409020306
202409020307
202409020308
202409020309
202409020310
202409020311
202409020312
202406030401
202406030402
202406030403
202406030404
202406030405
202406030406
202406030407
202406030408
202406030409
202406030410
202406030411
202406030412
202409020401
202409020402
202409020403
202409020404
202409020405
202409020406
202409020407
202409020408
202409020409
202409020410
202409020411
202409020412
202406030501
202406030502
202406030503
202406030504
202406030505
202406030506
202406030507
202406030508
202406030509
202406030510
202406030511
202406030512
202409020501
202409020502
202409020503
202409020504
202409020505
202409020506
202409020507
202409020508
202409020509
202409020510
202409020511
202409020512
202403010101
202403010102
202403010103
202403010104
202403010105
202403010106
202403010107
202403010108
202403010109
202403010110
202403010111
202403010112
202406030601
202406030602
202406030603
202406030604
202406030605
202406030606
202406030607
202406030608
202406030609
202406030610
202406030611
202406030612
202409020601
202409020602
202409020603
202409020604
202409020605
202409020606
202409020607
202409020608
202409020609
202409020610
202409020611
202409020612
202403010201
202403010202
202403010203
202403010204
202403010205
202403010206
202403010207
202403010208
202403010209
202403010210
202403010211
202403010212
202406030701
202406030702
202406030703
202406030704
202406030705
202406030706
202406030707
202406030708
202406030709
202406030710
202406030711
202406030712
202409020701
202409020702
202409020703
202409020704
202409020705
202409020706
202409020707
202409020708
202409020709
202409020710
202409020711
202409020712
202403010301
202403010302
202403010303
202403010304
202403010305
202403010306
202403010307
202403010308
202403010309
202403010310
202403010311
202403010312
202406030801
202406030802
202406030803
202406030804
202406030805
202406030806
202406030807
202406030808
202406030809
202406030810
202406030811
202406030812
202409020801
202409020802
202409020803
202409020804
202409020805
202409020806
202409020807
202409020808
202409020809
202409020810
202409020811
202409020812
202403010401
202403010402
202403010403
202403010404
202403010405
202403010406
202403010407
202403010408
202403010409
202403010410
202403010411
202403010412
202405020101
202405020102
202405020103
202405020104
202405020105
202405020106
202405020107
202405020108
202405020109
202405020110
202405020111
202405020112
202408030101
202408030102
202408030103
202408030104
202408030105
202408030106
202408030107
202408030108
202408030109
202408030110
202408030111
202408030112
202403010501
202403010502
202403010503
202403010504
202403010505
202403010506
202403010507
202403010508
202403010509
202403010510
202403010511
202403010512
202405020201
202405020202
202405020203
202405020204
202405020205
202405020206
202405020207
202405020208
202405020209
202405020210
202405020211
202405020212
202408030201
202408030202
202408030203
202408030204
202408030205
202408030206
202408030207
202408030208
202408030209
202408030210
202408030211
202408030212
202403010601
202403010602
202403010603
202403010604
202403010605
202403010606
202403010607
202403010608
202403010609
202403010610
202403010611
202403010612
202405020301
202405020302
202405020303
202405020304
202405020305
202405020306
202405020307
202405020308
202405020309
202405020310
202405020311
202405020312
202408030301
202408030302
202408030303
202408030304
202408030305
202408030306
202408030307
202408030308
202408030309
202408030310
202408030311
202408030312
202404010101
202404010102
202404010103
202404010104
202404010105
202404010106
202404010107
202404010108
202404010109
202404010110
202404010111
202404010112
202405020401
202405020402
202405020403
202405020404
202405020405
202405020406
202405020407
202405020408
202405020409
202405020410
202405020411
202405020412
202408030401
202408030402
202408030403
202408030404
202408030405
202408030406
202408030407
202408030408
202408030409
202408030410
202408030411
202408030412
202404010201
202404010202
202404010203
202404010204
202404010205
202404010206
202404010207
202404010208
202404010209
202404010210
202404010211
202404010212
202405020501
202405020502
202405020503
202405020504
202405020505
202405020506
202405020507
202405020508
202405020509
202405020510
202405020511
202405020512
202408030501
202408030502
202408030503
202408030504
202408030505
202408030506
202408030507
202408030508
202408030509
202408030510
202408030511
202408030512
202404010301
202404010302
202404010303
202404010304
202404010305
202404010306
202404010307
202404010308
202404010309
202404010310
202404010311
202404010312
202405020601
202405020602
202405020603
202405020604
202405020605
202405020606
202405020607
202405020608
202405020609
202405020610
202405020611
202405020612
202408030601
202408030602
202408030603
202408030604
202408030605
202408030606
202408030607
202408030608
202408030609
202408030610
202408030611
202408030612
202404010401
202404010402
202404010403
202404010404
202404010405
202404010406
202404010407
202404010408
202404010409
202404010410
202404010411
202404010412
202405020701
202405020702
202405020703
202405020704
202405020705
202405020706
202405020707
202405020708
202405020709
202405020710
202405020711
202405020712
202408030701
202408030702
202408030703
202408030704
202408030705
202408030706
202408030707
202408030708
202408030709
202408030710
202408030711
202408030712
202404010501
202404010502
202404010503
202404010504
202404010505
202404010506
202404010507
202404010508
202404010509
202404010510
202404010511
202404010512
202405020801
202405020802
202405020803
202405020804
202405020805
202405020806
202405020807
202405020808
202405020809
202405020810
202405020811
202405020812
202408030801
202408030802
202408030803
202408030804
202408030805
202408030806
202408030807
202408030808
202408030809
202408030810
202408030811
202408030812
202404010601
202404010602
202404010603
202404010604
202404010605
202404010606
202404010607
202404010608
202404010609
202404010610
202404010611
202404010612
202405020901
202405020902
202405020903
202405020904
202405020905
202405020906
202405020907
202405020908
202405020909
202405020910
202405020911
202405020912
202408030901
202408030902
202408030903
202408030904
202408030905
202408030906
202408030907
202408030908
202408030909
202408030910
202408030911
202408030912
202404010701
202404010702
202404010703
202404010704
202404010705
202404010706
202404010707
202404010708
202404010709
202404010710
202404010711
202404010712
202405021001
202405021002
202405021003
202405021004
202405021005
202405021006
202405021007
202405021008
202405021009
202405021010
202405021011
202405021012
202408031001
202408031002
202408031003
202408031004
202408031005
202408031006
202408031007
202408031008
202408031009
202408031010
202408031011
202408031012
202404010801
202404010802
202404010803
202404010804
202404010805
202404010806
202404010807
202404010808
202404010809
202404010810
202404010811
202404010812
202405021101
202405021102
202405021103
202405021104
202405021105
202405021106
202405021107
202405021108
202405021109
202405021110
202405021111
202405021112
202408031101
202408031102
202408031103
202408031104
202408031105
202408031106
202408031107
202408031108
202408031109
202408031110
202408031111
202408031112
202405021201
202405021202
202405021203
202405021204
202405021205
202405021206
202405021207
202405021208
202405021209
202405021210
202405021211
202405021212
202408031201
202408031202
202408031203
202408031204
202408031205
202408031206
202408031207
202408031208
202408031209
202408031210
202408031211
202408031212
202405030101
202405030102
202405030103
202405030104
202405030105
202405030106
202405030107
202405030108
202405030109
202405030110
202405030111
202405030112
202408040101
202408040102
202408040103
202408040104
202408040105
202408040106
202408040107
202408040108
202408040109
202408040110
202408040111
202408040112
202405030201
202405030202
202405030203
202405030204
202405030205
202405030206
202405030207
202405030208
202405030209
202405030210
202405030211
202405030212
202408040201
202408040202
202408040203
202408040204
202408040205
202408040206
202408040207
202408040208
202408040209
202408040210
202408040211
202408040212
202405030301
202405030302
202405030303
202405030304
202405030305
202405030306
202405030307
202405030308
202405030309
202405030310
202405030311
202405030312
202408040301
202408040302
202408040303
202408040304
202408040305
202408040306
202408040307
202408040308
202408040309
202408040310
202408040311
202408040312
202402010101
202402010102
202402010103
202402010104
202402010105
202402010106
202402010107
202402010108
202402010109
202402010110
202402010111
202402010112
202405030401
202405030402
202405030403
202405030404
202405030405
202405030406
202405030407
202405030408
202405030409
202405030410
202405030411
202405030412
202408040401
202408040402
202408040403
202408040404
202408040405
202408040406
202408040407
202408040408
202408040409
202408040410
202408040411
202408040412
202402010201
202402010202
202402010203
202402010204
202402010205
202402010206
202402010207
202402010208
202402010209
202402010210
202402010211
202402010212
202405030501
202405030502
202405030503
202405030504
202405030505
202405030506
202405030507
202405030508
202405030509
202405030510
202405030511
202405030512
202408040501
202408040502
202408040503
202408040504
202408040505
202408040506
202408040507
202408040508
202408040509
202408040510
202408040511
202408040512
202402010301
202402010302
202402010303
202402010304
202402010305
202402010306
202402010307
202402010308
202402010309
202402010310
202402010311
202402010312
202405030601
202405030602
202405030603
202405030604
202405030605
202405030606
202405030607
202405030608
202405030609
202405030610
202405030611
202405030612
202408040601
202408040602
202408040603
202408040604
202408040605
202408040606
202408040607
202408040608
202408040609
202408040610
202408040611
202408040612
202402010401
202402010402
202402010403
202402010404
202402010405
202402010406
202402010407
202402010408
202402010409
202402010410
202402010411
202402010412
202405030701
202405030702
202405030703
202405030704
202405030705
202405030706
202405030707
202405030708
202405030709
202405030710
202405030711
202405030712
202408040701
202408040702
202408040703
202408040704
202408040705
202408040706
202408040707
202408040708
202408040709
202408040710
202408040711
202408040712
202402010501
202402010502
202402010503
202402010504
202402010505
202402010506
202402010507
202402010508
202402010509
202402010510
202402010511
202402010512
202405030801
202405030802
202405030803
202405030804
202405030805
202405030806
202405030807
202405030808
202405030809
202405030810
202405030811
202405030812
202408040801
202408040802
202408040803
202408040804
202408040805
202408040806
202408040807
202408040808
202408040809
202408040810
202408040811
202408040812
202402010601
202402010602
202402010603
202402010604
202402010605
202402010606
202402010607
202402010608
202402010609
202402010610
202402010611
202402010612
202403020101
202403020102
202403020103
202403020104
202403020105
202403020106
202403020107
202403020108
202403020109
202403020110
202403020111
202403020112
202410030101
202410030102
202410030103
202410030104
202410030105
202410030106
202410030107
202410030108
202410030109
202410030110
202410030111
202410030112
202402010701
202402010702
202402010703
202402010704
202402010705
202402010706
202402010707
202402010708
202402010709
202402010710
202402010711
202402010712
202403020201
202403020202
202403020203
202403020204
202403020205
202403020206
202403020207
202403020208
202403020209
202403020210
202403020211
202403020212
202410030201
202410030202
202410030203
202410030204
202410030205
202410030206
202410030207
202410030208
202410030209
202410030210
202410030211
202410030212
202402010801
202402010802
202402010803
202402010804
202402010805
202402010806
202402010807
202402010808
202402010809
202402010810
202402010811
202402010812
202403020301
202403020302
202403020303
202403020304
202403020305
202403020306
202403020307
202403020308
202403020309
202403020310
202403020311
202403020312
202410030301
202410030302
202410030303
202410030304
202410030305
202410030306
202410030307
202410030308
202410030309
202410030310
202410030311
202410030312
202402010901
202402010902
202402010903
202402010904
202402010905
202402010906
202402010907
202402010908
202402010909
202402010910
202402010911
202402010912
202403020401
202403020402
202403020403
202403020404
202403020405
202403020406
202403020407
202403020408
202403020409
202403020410
202403020411
202403020412
202410030401
202410030402
202410030403
202410030404
202410030405
202410030406
202410030407
202410030408
202410030409
202410030410
202410030411
202410030412
202402011001
202402011002
202402011003
202402011004
202402011005
202402011006
202402011007
202402011008
202402011009
202402011010
202402011011
202402011012
202403020501
202403020502
202403020503
202403020504
202403020505
202403020506
202403020507
202403020508
202403020509
202403020510
202403020511
202403020512
202410030501
202410030502
202410030503
202410030504
202410030505
202410030506
202410030507
202410030508
202410030509
202410030510
202410030511
202410030512
202402011101
202402011102
202402011103
202402011104
202402011105
202402011106
202402011107
202402011108
202402011109
202402011110
202402011111
202402011112
202403020601
202403020602
202403020603
202403020604
202403020605
202403020606
202403020607
202403020608
202403020609
202403020610
202403020611
202403020612
202410030601
202410030602
202410030603
202410030604
202410030605
202410030606
202410030607
202410030608
202410030609
202410030610
202410030611
202410030612
202402011201
202402011202
202402011203
202402011204
202402011205
202402011206
202402011207
202402011208
202402011209
202402011210
202402011211
202402011212
202403020701
202403020702
202403020703
202403020704
202403020705
202403020706
202403020707
202403020708
202403020709
202403020710
202403020711
202403020712
202410030701
202410030702
202410030703
202410030704
202410030705
202410030706
202410030707
202410030708
202410030709
202410030710
202410030711
202410030712
202401010101
202401010102
202401010103
202401010104
202401010105
202401010106
202401010107
202401010108
202401010109
202401010110
202401010111
202401010112
202403020801
202403020802
202403020803
202403020804
202403020805
202403020806
202403020807
202403020808
202403020809
202403020810
202403020811
202403020812
202410030801
202410030802
202410030803
202410030804
202410030805
202410030806
202410030807
202410030808
202410030809
202410030810
202410030811
202410030812
202401010201
202401010202
202401010203
202401010204
202401010205
202401010206
202401010207
202401010208
202401010209
202401010210
202401010211
202401010212
202404020101
202404020102
202404020103
202404020104
202404020105
202404020106
202404020107
202404020108
202404020109
202404020110
202404020111
202404020112
202401010301
202401010302
202401010303
202401010304
202401010305
202401010306
202401010307
202401010308
202401010309
202401010310
202401010311
202401010312
202404020201
202404020202
202404020203
202404020204
202404020205
202404020206
202404020207
202404020208
202404020209
202404020210
202404020211
202404020212
202401010401
202401010402
202401010403
202401010404
202401010405
202401010406
202401010407
202401010408
202401010409
202401010410
202401010411
202401010412
202404020301
202404020302
202404020303
202404020304
202404020305
202404020306
202404020307
202404020308
202404020309
202404020310
202404020311
202404020312
202401010501
202401010502
202401010503
202401010504
202401010505
202401010506
202401010507
202401010508
202401010509
202401010510
202401010511
202401010512
202404020401
202404020402
202404020403
202404020404
202404020405
202404020406
202404020407
202404020408
202404020409
202404020410
202404020411
202404020412
202401010601
202401010602
202401010603
202401010604
202401010605
202401010606
202401010607
202401010608
202401010609
202401010610
202401010611
202401010612
202404030101
202404030102
202404030103
202404030104
202404030105
202404030106
202404030107
202404030108
202404030109
202404030110
202404030111
202404030112
202407020101
202407020102
202407020103
202407020104
202407020105
202407020106
202407020107
202407020108
202407020109
202407020110
202407020111
202407020112
202401020101
202401020102
202401020103
202401020104
202401020105
202401020106
202401020107
202401020108
202401020109
202401020110
202401020111
202401020112
202404030201
202404030202
202404030203
202404030204
202404030205
202404030206
202404030207
202404030208
202404030209
202404030210
202404030211
202404030212
202407020201
202407020202
202407020203
202407020204
202407020205
202407020206
202407020207
202407020208
202407020209
202407020210
202407020211
202407020212
202401020201
202401020202
202401020203
202401020204
202401020205
202401020206
202401020207
202401020208
202401020209
202401020210
202401020211
202401020212
202404030301
202404030302
202404030303
202404030304
202404030305
202404030306
202404030307
202404030308
202404030309
202404030310
202404030311
202404030312
202407020301
202407020302
202407020303
202407020304
202407020305
202407020306
202407020307
202407020308
202407020309
202407020310
202407020311
202407020312
202401020301
202401020302
202401020303
202401020304
202401020305
202401020306
202401020307
202401020308
202401020309
202401020310
202401020311
202401020312
202404030401
202404030402
202404030403
202404030404
202404030405
202404030406
202404030407
202404030408
202404030409
202404030410
202404030411
202404030412
202407020401
202407020402
202407020403
202407020404
202407020405
202407020406
202407020407
202407020408
202407020409
202407020410
202407020411
202407020412
202401020401
202401020402
202401020403
202401020404
202401020405
202401020406
202401020407
202401020408
202401020409
202401020410
202401020411
202401020412
202404030501
202404030502
202404030503
202404030504
202404030505
202404030506
202404030507
202404030508
202404030509
202404030510
202404030511
202404030512
202407020501
202407020502
202407020503
202407020504
202407020505
202407020506
202407020507
202407020508
202407020509
202407020510
202407020511
202407020512
202401020501
202401020502
202401020503
202401020504
202401020505
202401020506
202401020507
202401020508
202401020509
202401020510
202401020511
202401020512
202404030601
202404030602
202404030603
202404030604
202404030605
202404030606
202404030607
202404030608
202404030609
202404030610
202404030611
202407020601
202407020602
202407020603
202407020604
202407020605
202407020606
202407020607
202407020608
202407020609
202407020610
202407020611
202407020612
202401020601
202401020602
202401020603
202401020604
202401020605
202401020606
202401020607
202401020608
202401020609
202401020610
202401020611
202401020612
202404030701
202404030702
202404030703
202404030704
202404030705
202404030706
202404030707
202404030708
202404030709
202404030710
202404030711
202404030712
202407020701
202407020702
202407020703
202407020704
202407020705
202407020706
202407020707
202407020708
202407020709
202407020710
202407020711
202407020712
202401020701
202401020702
202401020703
202401020704
202401020705
202401020706
202401020707
202401020708
202401020709
202401020710
202401020711
202401020712
202404030801
202404030802
202404030803
202404030804
202404030805
202404030806
202404030807
202404030808
202404030809
202404030810
202404030811
202404030812
202407020801
202407020802
202407020803
202407020804
202407020805
202407020806
202407020807
202407020808
202407020809
202407020810
202407020811
202407020812
202401020801
202401020802
202401020803
202401020804
202401020805
202401020806
202401020807
202401020808
202401020809
202401020810
202401020811
202401020812
202406040101
202406040102
202406040103
202406040104
202406040105
202406040106
202406040107
202406040108
202406040109
202406040110
202406040111
202406040112
202407030101
202407030102
202407030103
202407030104
202407030105
202407030106
202407030107
202407030108
202407030109
202407030110
202407030111
202407030112
202406040201
202406040202
202406040203
202406040204
202406040205
202406040206
202406040207
202406040208
202406040209
202406040210
202406040211
202406040212
202407030201
202407030202
202407030203
202407030204
202407030205
202407030206
202407030207
202407030208
202407030209
202407030210
202407030211
202407030212
202406040301
202406040302
202406040303
202406040304
202406040305
202406040306
202406040307
202406040308
202406040309
202406040310
202406040311
202406040312
202407030301
202407030302
202407030303
202407030304
202407030305
202407030306
202407030307
202407030308
202407030309
202407030310
202407030311
202407030312
202406040401
202406040402
202406040403
202406040404
202406040405
202406040406
202406040407
202406040408
202406040409
202406040410
202406040411
202406040412
202407030401
202407030402
202407030403
202407030404
202407030405
202407030406
202407030407
202407030408
202407030409
202407030410
202407030411
202407030412
202406040501
202406040502
202406040503
202406040504
202406040505
202406040506
202406040507
202406040508
202406040509
202406040510
202406040511
202406040512
202407030501
202407030502
202407030503
202407030504
202407030505
202407030506
202407030507
202407030508
202407030509
202407030510
202407030511
202407030512
202406040601
202406040602
202406040603
202406040604
202406040605
202406040606
202406040607
202406040608
202406040609
202406040610
202406040611
202406040612
202407030601
202407030602
202407030603
202407030604
202407030605
202407030606
202407030607
202407030608
202407030609
202407030610
202407030611
202407030612
202406040701
202406040702
202406040703
202406040704
202406040705
202406040706
202406040707
202406040708
202406040709
202406040710
202406040711
202406040712
202407030701
202407030702
202407030703
202407030704
202407030705
202407030706
202407030707
202407030708
202407030709
202407030710
202407030711
202407030712
202406040801
202406040802
202406040803
202406040804
202406040805
202406040806
202406040807
202406040808
202406040809
202406040810
202406040811
202406040812
202407030801
202407030802
202407030803
202407030804
202407030805
202407030806
202407030807
202407030808
202407030809
202407030810
202407030811
202407030812
202406040901
202406040902
202406040903
202406040904
202406040905
202406040906
202406040907
202406040908
202406040909
202406040910
202406040911
202406040912
202407030901
202407030902
202407030903
202407030904
202407030905
202407030906
202407030907
202407030908
202407030909
202407030910
202407030911
202407030912
202405040101
202405040102
202405040103
202405040104
202405040105
202405040106
202405040107
202405040108
202405040109
202405040110
202405040111
202405040112
202408050101
202408050102
202408050103
202408050104
202408050105
202408050106
202408050107
202408050108
202408050109
202408050110
202408050111
202408050112
202404040101
202404040102
202404040103
202404040104
202404040105
202404040106
202404040107
202404040108
202404040109
202404040110
202404040111
202404040112
202405040201
202405040202
202405040203
202405040204
202405040205
202405040206
202405040207
202405040208
202405040209
202405040210
202405040211
202405040212
202408050201
202408050202
202408050203
202408050204
202408050205
202408050206
202408050207
202408050208
202408050209
202408050210
202408050211
202408050212
202404040201
202404040202
202404040203
202404040204
202404040205
202404040206
202404040207
202404040208
202404040209
202404040210
202404040211
202404040212
202408050301
202408050302
202408050303
202408050304
202408050305
202408050306
202408050307
202408050308
202408050309
202408050310
202408050311
202408050312
202404040301
202404040302
202404040303
202404040304
202404040305
202404040306
202404040307
202404040308
202404040309
202404040310
202404040311
202404040312
202405040301
202405040302
202405040303
202405040304
202405040305
202405040306
202405040307
202405040308
202405040309
202405040310
202405040311
202405040312
202408050401
202408050402
202408050403
202408050404
202408050405
202408050406
202408050407
202408050408
202408050409
202408050410
202408050411
202408050412
202405040401
202405040402
202405040403
202405040404
202405040405
202405040406
202405040407
202405040408
202405040409
202405040410
202405040411
202405040412
202404040401
202404040402
202404040403
202404040404
202404040405
202404040406
202404040407
202404040408
202404040409
202404040410
202404040411
202404040412
202405040501
202405040502
202405040503
202405040504
202405040505
202405040506
202405040507
202405040508
202405040509
202405040510
202405040511
202405040512
202408050501
202408050502
202408050503
202408050504
202408050505
202408050506
202408050507
202408050508
202408050509
202408050510
202408050511
202408050512
202404040501
202404040502
202404040503
202404040504
202404040505
202404040506
202404040507
202404040508
202404040509
202404040510
202404040511
202404040512
202405040601
202405040602
202405040603
202405040604
202405040605
202405040606
202405040607
202405040608
202405040609
202405040610
202405040611
202405040612
202408050601
202408050602
202408050603
202408050604
202408050605
202408050606
202408050607
202408050608
202408050609
202408050610
202408050611
202408050612
202404040601
202404040602
202404040603
202404040604
202404040605
202404040606
202404040607
202404040608
202404040609
202404040610
202404040611
202404040612
202405040701
202405040702
202405040703
202405040704
202405040705
202405040706
202405040707
202405040708
202405040709
202405040710
202405040711
202405040712
202408050701
202408050702
202408050703
202408050704
202408050705
202408050706
202408050707
202408050708
202408050709
202408050710
202408050711
202408050712
202404040701
202404040702
202404040703
202404040704
202404040705
202404040706
202404040707
202404040708
202404040709
202404040710
202404040711
202404040712
202405040801
202405040802
202405040803
202405040804
202405040805
202405040806
202405040807
202405040808
202405040809
202405040810
202405040811
202405040812
202408050801
202408050802
202408050803
202408050804
202408050805
202408050806
202408050807
202408050808
202408050809
202408050810
202408050811
202408050812
202404040801
202404040802
202404040803
202404040804
202404040805
202404040806
202404040807
202404040808
202404040809
202404040810
202404040811
202404040812
202405050101
202405050102
202405050103
202405050104
202405050105
202405050106
202405050107
202405050108
202405050109
202405050110
202405050111
202405050112
202408060101
202408060102
202408060103
202408060104
202408060105
202408060106
202408060107
202408060109
202408060110
202408060111
202408060112
202403030101
202403030102
202403030103
202403030104
202403030105
202403030106
202403030107
202403030108
202403030109
202403030110
202403030111
202403030112
202405050201
202405050202
202405050203
202405050204
202405050205
202405050206
202405050207
202405050208
202405050209
202405050210
202405050211
202405050212
202408060201
202408060202
202408060203
202408060204
202408060205
202408060206
202408060207
202408060208
202408060209
202408060210
202408060211
202408060212
202403030201
202403030202
202403030203
202403030204
202403030205
202403030206
202403030207
202403030208
202403030209
202403030210
202403030211
202403030212
202405050301
202405050302
202405050303
202405050304
202405050305
202405050306
202405050307
202405050308
202405050309
202405050310
202405050311
202405050312
202408060301
202408060302
202408060303
202408060304
202408060305
202408060306
202408060307
202408060308
202408060309
202408060310
202408060311
202408060312
202403030301
202403030302
202403030303
202403030304
202403030305
202403030306
202403030307
202403030308
202403030309
202403030310
202403030311
202403030312
202405050401
202405050402
202405050403
202405050404
202405050405
202405050406
202405050407
202405050408
202405050409
202405050410
202405050411
202405050412
202408060401
202408060402
202408060403
202408060404
202408060405
202408060406
202408060407
202408060408
202408060409
202408060410
202408060411
202408060412
202403030401
202403030402
202403030403
202403030404
202403030405
202403030406
202403030407
202403030408
202403030409
202403030410
202403030411
202403030412
202405050501
202405050502
202405050503
202405050504
202405050505
202405050506
202405050507
202405050508
202405050509
202405050510
202405050511
202405050512
202408060501
202408060502
202408060503
202408060504
202408060505
202408060506
202408060507
202408060508
202408060509
202408060510
202408060511
202408060512
202403030501
202403030502
202403030503
202403030504
202403030505
202403030506
202403030507
202403030508
202403030509
202403030510
202403030511
202403030512
202405050601
202405050602
202405050603
202405050604
202405050605
202405050606
202405050607
202405050608
202405050609
202405050610
202405050611
202405050612
202408060601
202408060602
202408060603
202408060604
202408060605
202408060606
202408060607
202408060608
202408060609
202408060610
202408060611
202408060612
202403030601
202403030602
202403030603
202403030604
202403030605
202403030606
202403030607
202403030608
202403030609
202403030610
202403030611
202403030612
202405050701
202405050702
202405050703
202405050704
202405050705
202405050706
202405050707
202405050708
202405050709
202405050710
202405050711
202405050712
202408060701
202408060702
202408060703
202408060704
202408060705
202408060706
202408060707
202408060708
202408060709
202408060710
202408060711
202408060712
202405050801
202405050802
202405050803
202405050804
202405050805
202405050806
202405050807
202405050808
202405050809
202405050810
202405050811
202405050812
202408060801
202408060802
202408060803
202408060804
202408060805
202408060806
202408060807
202408060808
202408060809
202408060810
202408060811
202408060812