race_id	umaban	tansho_odds	popularity	pred
202506010208	1	38.8	12	0.012698200576063422
202506010208	2	25.5	10	0.02194918895552007
202506010208	3	65.0	14	0.07452006812535139
202506010208	4	9.9	5	0.04508269014269975
202506010208	5	10.3	6	0.012891287043822456
202506010208	6	16.4	7	0.1294291824725195
202506010208	7	8.8	4	0.0648053803179709
202506010208	8	22.3	8	0.008198291787847261
202506010208	9	51.8	13	0.020315713619969544
202506010208	10	22.3	9	0.10902778097689869
202506010208	11	6.6	3	0.018888424562415188
202506010208	12	3.0	1	0.06284708844509741
202506010208	13	5.7	2	0.017908624969160448
202506010208	14	28.3	11	0.06312674877305428
